2
BOARD 0 20 0 1111111411111117111111111111111111112111
BOARD 1 20 0 1111111111111111111113111111111911111111
BOARD 2 20 0 1111111111111111111111111111111111111111
BOARD 3 20 0 1111111111111111111111111111111111111111
BOARD 4 20 0 1111111111111111111111111111111111111111
BOARD 5 20 0 1111111111111111111111111111111111111111
BOARD 6 20 0 1111111111111111111111111111111111111111
BOARD 7 20 0 1111111111111111111111111111111111111111
BOARD 8 20 0 1111111111111111111111111111111111111111
BOARD 9 20 0 1111111111111111111111111111111111111111
BOARD 10 20 0 1111111111111111112011111111111111111111
BOARD 11 20 0 1111111111111111111111111111111111111111
BOARD 12 20 0 1111111111111111111111111111111111111111
BOARD 13 20 0 1111111111111111111111111111111111111111
BOARD 14 20 0 1111111111111111111111111111111111111111
BOARD 15 20 0 1111111111111111111111111111111111111111
BOARD 16 20 0 1111111111111111111111111111111111111111
BOARD 17 20 0 1111111111111111111111111111111111111111
BOARD 18 20 0 1111111111111611111111111111111111111111
BOARD 19 20 0 1111111111111111111111111123111111111111
BOARD 0 20 1 2626262626262626262626262626262626262626
BOARD 1 20 1 2626262626262626262626262626262626262626
BOARD 2 20 1 2626262626262626262626262626262626262626
BOARD 3 20 1 2626262626262626262626262626262626262626
BOARD 4 20 1 2626262626262626262626262626262626262626
BOARD 5 20 1 2626262626262626262626262626262626262626
BOARD 6 20 1 2626261526262626262626262626262626262626
BOARD 7 20 1 2626262626262626262626262626262626262626
BOARD 8 20 1 2626262626262626262626262626262626262626
BOARD 9 20 1 2626262626262626262626262626262626262626
BOARD 10 20 1 2626262626262626262626262626262626262626
BOARD 11 20 1 2626262626262626262626262626262626262626
BOARD 12 20 1 2626262626262626262626262626262626262626
BOARD 13 20 1 2626262626262627262626262626262626262626
BOARD 14 20 1 2626262626262727272626262626262626262626
BOARD 15 20 1 2626262626272726272726262626262626262626
BOARD 16 20 1 2626262626262727272626262626262626262626
BOARD 17 20 1 2626262626262627262626262626262626262626
BOARD 18 20 1 2626262626262626262626262626262626262626
BOARD 19 20 1 2626262626262626262626262626262626262626
